time,x_pos,y_pos,velocity,rotation,action
0.00010,7.57500,4.02500,0.00000,-3.14159,16
0.00020,7.57500,4.02500,0.35455,-3.14159,0
0.04456,7.55843,4.02500,0.50142,-3.14159,0
0.07592,7.54206,4.02500,0.61411,-3.14159,0
0.10153,7.52587,4.02499,0.70911,-3.14159,0
0.12371,7.50987,4.02498,0.79281,-3.14159,0
0.14354,7.49405,4.02497,0.86848,-3.14159,0
0.16165,7.47840,4.02496,0.93806,-3.14159,0
0.17842,7.46292,4.02495,1.00283,-3.14159,0
0.19410,7.44760,4.02493,1.06366,-3.14159,0
0.20889,7.43244,4.02491,1.12120,-3.14159,0
0.22291,7.41744,4.02490,1.17593,-3.14159,0
0.23629,7.40258,4.02488,1.22821,-3.14159,0
0.24909,7.38787,4.02486,1.27837,-3.14159,0
0.26139,7.37329,4.02483,1.32662,-3.14159,0
0.27325,7.35885,4.02481,1.37319,-3.14159,0
0.28470,7.34453,4.02479,1.41822,-3.14159,0
0.29579,7.33034,4.02476,1.46187,-3.14159,0
0.30655,7.31627,4.02473,1.50425,-3.14159,0
0.31700,7.30231,4.02471,1.54547,-3.14159,0
0.32718,7.28846,4.02468,1.58562,-3.14159,0
0.33710,7.27471,4.02465,1.62478,-3.14159,0
0.34678,7.26107,4.02462,1.66301,-3.14159,0
0.35623,7.24751,4.02459,1.70039,-3.14159,0
0.36548,7.23404,4.02456,1.73696,-3.14159,0
0.37454,7.22065,4.02454,1.77278,-3.14159,0
0.38341,7.20735,4.02451,1.80788,-3.14159,0
0.39211,7.19411,4.02448,1.84232,-3.14159,0
0.40064,7.18094,4.02445,1.87613,-3.14159,0
0.40903,7.16784,4.02442,1.90934,-3.14159,0
0.41726,7.15479,4.02439,1.94198,-3.14159,0
0.42536,7.14180,4.02436,1.97408,-3.14159,0
0.43333,7.12885,4.02434,2.00567,-3.14159,0
0.44117,7.11595,4.02431,2.03676,-3.14159,0
0.44889,7.10308,4.02429,2.06739,-3.14159,0
0.45650,7.09025,4.02426,2.09758,-3.14159,0
0.46399,7.07744,4.02424,2.12733,-3.14159,0
0.47139,7.06466,4.02421,2.15667,-3.14159,0
0.47868,7.05189,4.02419,2.18562,-3.14159,0
0.48588,7.03914,4.02417,2.21420,-3.14159,0
0.49298,7.02639,4.02415,2.24240,-3.14159,0
0.49999,7.01365,4.02414,2.27026,-3.14159,0
0.50692,7.00090,4.02412,2.29778,-3.14159,0
0.51376,6.98815,4.02411,2.32497,-3.14159,0
0.52053,6.97538,4.02409,2.35185,-3.14159,0
0.52721,6.96259,4.02408,2.37843,-3.14159,0
0.53383,6.94979,4.02408,2.40471,-3.14159,0
0.54037,6.93695,4.02407,2.43071,-3.14159,0
0.54684,6.92408,4.02407,2.45643,-3.14159,0
0.55324,6.91117,4.02406,2.48189,-3.14159,0
0.55958,6.89822,4.02406,2.50708,-3.14159,0
0.56585,6.88522,4.02407,2.53203,-3.14159,0
0.57206,6.87217,4.02407,2.55673,-3.14159,0
0.57821,6.85906,4.02408,2.58120,-3.14159,0
0.58430,6.84589,4.02409,2.58120,-3.14159,0
0.59040,6.83265,4.02411,2.55673,-3.14159,0
0.59655,6.81933,4.02412,2.53203,-3.14159,0
0.60276,6.80594,4.02414,2.50708,-3.14159,0
0.60903,6.79246,4.02417,2.48189,-3.14159,0
0.61537,6.77890,4.02419,2.45643,-3.14159,0
0.62177,6.76524,4.02422,2.43071,-3.14159,0
0.62824,6.75148,4.02426,2.40471,-3.14159,0
0.63478,6.73762,4.02429,2.37843,-3.14159,0
0.64139,6.72365,4.02433,2.35185,-3.14159,0
0.64808,6.70957,4.02438,2.32497,-3.14159,0
0.65484,6.69537,4.02443,2.29778,-3.14159,0
0.66169,6.68105,4.02448,2.27026,-3.14159,0
0.66862,6.66659,4.02454,2.24240,-3.14159,0
0.67563,6.65200,4.02460,2.21420,-3.14159,0
0.68273,6.63728,4.02466,2.18562,-3.14159,0
0.68993,6.62241,4.02473,2.15667,-3.14159,0
0.69722,6.60739,4.02480,2.12733,-3.14159,0
0.70461,6.59222,4.02488,2.09758,-3.14159,0
0.71211,6.57688,4.02496,2.06739,-3.14159,0
0.71972,6.56139,4.02505,2.03676,-3.14159,0
0.72744,6.54572,4.02515,2.00567,-3.14159,0
0.73528,6.52988,4.02524,1.97408,-3.14159,0
0.74325,6.51387,4.02535,1.94198,-3.14159,0
0.75134,6.49766,4.02545,1.90934,-3.14159,0
0.75958,6.48127,4.02557,1.87613,-3.14159,0
0.76796,6.46469,4.02568,1.84232,-3.14159,0
0.77650,6.44790,4.02581,1.80788,-3.14159,0
0.78520,6.43091,4.02594,1.77278,-3.14159,0
0.79407,6.41371,4.02607,1.73696,-3.14159,0
0.80312,6.39630,4.02621,1.70039,-3.14159,0
0.81237,6.37867,4.02636,1.66301,-3.14159,0
0.82183,6.36081,4.02651,1.62478,-3.14159,0
0.83151,6.34272,4.02667,1.58562,-3.14159,0
0.84143,6.32440,4.02684,1.54547,-3.14159,0
0.85160,6.30584,4.02701,1.50425,-3.14159,0
0.86206,6.28704,4.02719,1.46187,-3.14159,0
0.87282,6.26798,4.02737,1.41822,-3.14159,0
0.88391,6.24867,4.02756,1.37319,-3.14159,0
0.89536,6.22910,4.02776,1.32662,-3.14159,0
0.90721,6.20927,4.02796,1.27837,-3.14159,0
0.91951,6.18916,4.02818,1.22821,-3.14159,0
0.93232,6.16878,4.02839,1.17593,-3.14159,0
0.94569,6.14812,4.02862,1.12120,-3.14159,0
0.95972,6.12718,4.02885,1.06366,-3.14159,0
0.97451,6.10595,4.02909,1.00283,-3.14159,0
0.99019,6.08442,4.02934,0.93806,-3.14159,0
1.00695,6.06259,4.02959,0.86848,-3.14159,0
1.02506,6.04045,4.02985,0.79281,-3.14159,0
1.04490,6.01801,4.03012,0.70911,-3.14159,0
1.06708,5.99525,4.03040,0.61411,-3.14159,0
1.09269,5.97217,4.03069,0.50142,-3.14159,0
1.12405,5.94876,4.03098,0.35455,-3.14159,0
1.21276,5.87655,4.03191,0.00000,-3.14159,36929
1.21286,5.87655,4.03191,0.35455,-3.14159,0
1.25694,5.88554,4.01611,0.50142,-3.14105,0
1.28811,5.89440,4.00034,0.61411,-3.14001,0
1.31356,5.90313,3.98463,0.70911,-3.13875,0
1.33560,5.91172,3.96895,0.79281,-3.13737,0
1.35531,5.92017,3.95331,0.86848,-3.13591,0
1.37331,5.92850,3.93772,0.93806,-3.13438,0
1.38997,5.93668,3.92216,1.00283,-3.13281,0
1.40555,5.94474,3.90665,1.06366,-3.13120,0
1.42024,5.95266,3.89118,1.12120,-3.12955,0
1.43418,5.96045,3.87576,1.17593,-3.12788,0
1.44747,5.96810,3.86037,1.22821,-3.12619,0
1.46020,5.97563,3.84503,1.27837,-3.12447,0
1.47242,5.98302,3.82972,1.32662,-3.12274,0
1.48420,5.99028,3.81446,1.37319,-3.12099,0
1.49558,5.99741,3.79924,1.41822,-3.11922,0
1.50660,6.00441,3.78407,1.46187,-3.11745,0
1.51730,6.01128,3.76893,1.50425,-3.11566,0
1.52768,6.01802,3.75384,1.54547,-3.11386,0
1.53780,6.02462,3.73878,1.58562,-3.11205,0
1.54765,6.03110,3.72377,1.62478,-3.11023,0
1.55727,6.03745,3.70880,1.66301,-3.10840,0
1.56667,6.04367,3.69388,1.70039,-3.10656,0
1.57586,6.04977,3.67899,1.73696,-3.10472,0
1.58486,6.05573,3.66415,1.77278,-3.10287,0
1.59367,6.06157,3.64934,1.80788,-3.10102,0
1.60232,6.06728,3.63458,1.84232,-3.09915,0
1.61080,6.07286,3.61986,1.87613,-3.09728,0
1.61913,6.07831,3.60518,1.90934,-3.09541,0
1.62732,6.08364,3.59054,1.94198,-3.09353,0
1.63537,6.08884,3.57595,1.97408,-3.09165,0
1.64328,6.09392,3.56139,2.00567,-3.08976,0
1.65107,6.09887,3.54688,2.03676,-3.08786,0
1.65875,6.10369,3.53241,2.06739,-3.08597,0
1.66631,6.10839,3.51798,2.09758,-3.08407,0
1.67376,6.11297,3.50359,2.12733,-3.08216,0
1.68110,6.11742,3.48925,2.15667,-3.08025,0
1.68835,6.12175,3.47494,2.18562,-3.07834,0
1.69550,6.12595,3.46068,2.21420,-3.07642,0
1.70256,6.13003,3.44645,2.24240,-3.07450,0
1.70953,6.13399,3.43227,2.27026,-3.07258,0
1.71641,6.13783,3.41813,2.29778,-3.07065,0
1.72321,6.14154,3.40403,2.32497,-3.06872,0
1.72994,6.14513,3.38997,2.35185,-3.06679,0
1.73658,6.14860,3.37596,2.37843,-3.06486,0
1.74315,6.15195,3.36198,2.40471,-3.06292,0
1.74965,6.15518,3.34805,2.43071,-3.06098,0
1.75608,6.15828,3.33416,2.45643,-3.05904,0
1.76244,6.16127,3.32031,2.48189,-3.05709,0
1.76874,6.16414,3.30650,2.50708,-3.05515,0
1.77497,6.16688,3.29273,2.53203,-3.05320,0
1.78115,6.16951,3.27900,2.55673,-3.05124,0
1.78726,6.17202,3.26531,2.58120,-3.04929,0
1.79331,6.17441,3.25167,2.60544,-3.04734,0
1.79931,6.17668,3.23806,2.62945,-3.04538,0
1.80526,6.17884,3.22450,2.65325,-3.04342,0
1.81115,6.18087,3.21098,2.67683,-3.04146,0
1.81698,6.18279,3.19750,2.70021,-3.03949,0
1.82277,6.18459,3.18406,2.72339,-3.03753,0
1.82851,6.18628,3.17066,2.74637,-3.03556,0
1.83420,6.18785,3.15731,2.76916,-3.03359,0
1.83985,6.18930,3.14399,2.79177,-3.03162,0
1.84544,6.19064,3.13071,2.81419,-3.02965,0
1.85100,6.19186,3.11748,2.83644,-3.02767,0
1.85651,6.19297,3.10429,2.85851,-3.02570,0
1.86197,6.19396,3.09114,2.88042,-3.02372,0
1.86740,6.19484,3.07803,2.90216,-3.02174,0
1.87278,6.19560,3.06496,2.92374,-3.01976,0
1.87813,6.19625,3.05193,2.94515,-3.01778,0
1.88344,6.19679,3.03894,2.96642,-3.01580,0
1.88870,6.19721,3.02599,2.98753,-3.01382,0
1.89394,6.19752,3.01309,3.00850,-3.01183,0
1.89913,6.19772,3.00022,3.02932,-3.00984,0
1.90429,6.19781,2.98740,3.05000,-3.00785,0
1.90941,6.19778,2.97462,3.07054,-3.00587,0
1.91450,6.19765,2.96187,3.09094,-3.00388,0
1.91956,6.19740,2.94917,3.11121,-3.00188,0
1.92458,6.19704,2.93651,3.13134,-2.99989,0
1.92957,6.19657,2.92389,3.15135,-2.99790,0
1.93453,6.19599,2.91132,3.17124,-2.99590,0
1.93946,6.19531,2.89878,3.19099,-2.99390,0
1.94436,6.19451,2.88628,3.21063,-2.99191,0
1.94923,6.19360,2.87383,3.23015,-2.98991,0
1.95407,6.19259,2.86141,3.24955,-2.98791,0
1.95887,6.19146,2.84904,3.26883,-2.98591,0
1.96366,6.19023,2.83670,3.28801,-2.98391,0
1.96841,6.18889,2.82441,3.30707,-2.98190,0
1.97313,6.18744,2.81216,3.32602,-2.97990,0
1.97783,6.18589,2.79995,3.34486,-2.97790,0
1.98251,6.18423,2.78778,3.36360,-2.97589,0
1.98715,6.18246,2.77565,3.38224,-2.97388,0
1.99177,6.18059,2.76356,3.40077,-2.97188,0
1.99637,6.17861,2.75151,3.41920,-2.96987,0
2.00094,6.17652,2.73950,3.43754,-2.96786,0
2.00549,6.17433,2.72754,3.45577,-2.96585,0
2.01001,6.17204,2.71561,3.47391,-2.96384,0
2.01451,6.16964,2.70373,3.49196,-2.96183,0
2.01898,6.16714,2.69188,3.50991,-2.95981,0
2.02344,6.16453,2.68008,3.52778,-2.95780,0
2.02787,6.16182,2.66832,3.54555,-2.95579,0
2.03227,6.15901,2.65659,3.56323,-2.95377,0
2.03666,6.15609,2.64491,3.58083,-2.95176,0
2.04102,6.15307,2.63327,3.59834,-2.94974,0
2.04537,6.14995,2.62167,3.61576,-2.94772,0
2.04969,6.14673,2.61011,3.63311,-2.94570,0
2.05399,6.14340,2.59859,3.65037,-2.94369,0
2.05827,6.13998,2.58711,3.66754,-2.94167,0
2.06253,6.13645,2.57567,3.68464,-2.93965,0
2.06677,6.13283,2.56427,3.70166,-2.93762,0
2.07100,6.12910,2.55291,3.71860,-2.93560,0
2.07520,6.12527,2.54160,3.73547,-2.93358,0
2.07938,6.12135,2.53032,3.75226,-2.93156,0
2.08355,6.11732,2.51908,3.76897,-2.92953,0
2.08769,6.11320,2.50789,3.78561,-2.92751,0
2.09182,6.10897,2.49673,3.80218,-2.92548,0
2.09593,6.10465,2.48562,3.81867,-2.92346,0
2.10003,6.10023,2.47455,3.83510,-2.92143,0
2.10410,6.09572,2.46351,3.85145,-2.91940,0
2.10816,6.09110,2.45252,3.86774,-2.91738,0
2.11220,6.08639,2.44156,3.88395,-2.91535,0
2.11622,6.08159,2.43065,3.90010,-2.91332,0
2.12023,6.07668,2.41978,3.91619,-2.91129,0
2.12422,6.07168,2.40895,3.93220,-2.90926,0
2.12820,6.06659,2.39816,3.94816,-2.90723,0
2.13215,6.06140,2.38740,3.96404,-2.90520,0
2.13610,6.05612,2.37669,3.97987,-2.90317,0
2.14002,6.05074,2.36602,3.99563,-2.90113,0
2.14393,6.04526,2.35539,4.01133,-2.89910,0
2.14783,6.03970,2.34480,4.02697,-2.89707,0
2.15171,6.03403,2.33425,4.04255,-2.89503,0
2.15558,6.02828,2.32374,4.05807,-2.89300,0
2.15943,6.02243,2.31327,4.07353,-2.89096,0
2.16327,6.01649,2.30284,4.08893,-2.88893,0
2.16709,6.01046,2.29245,4.10427,-2.88689,0
2.17090,6.00434,2.28211,4.11956,-2.88486,0
2.17469,5.99812,2.27180,4.13479,-2.88282,0
2.17847,5.99181,2.26153,4.14996,-2.88078,0
2.18224,5.98542,2.25130,4.16508,-2.87874,0
2.18599,5.97893,2.24111,4.18014,-2.87671,0
2.18973,5.97235,2.23096,4.19515,-2.87467,0
2.19345,5.96568,2.22086,4.21011,-2.87263,0
2.19716,5.95892,2.21079,4.22501,-2.87059,0
2.20086,5.95208,2.20076,4.23986,-2.86855,0
2.20455,5.94514,2.19077,4.25466,-2.86651,0
2.20822,5.93811,2.18083,4.26941,-2.86446,0
2.21188,5.93100,2.17092,4.28410,-2.86242,0
2.21553,5.92380,2.16105,4.29875,-2.86038,0
2.21917,5.91651,2.15122,4.31335,-2.85834,0
2.22279,5.90913,2.14144,4.32789,-2.85629,0
2.22640,5.90167,2.13169,4.34239,-2.85425,0
2.23000,5.89412,2.12198,4.35684,-2.85221,0
2.23359,5.88648,2.11232,4.37125,-2.85016,0
2.23716,5.87876,2.10269,4.38560,-2.84812,0
2.24073,5.87095,2.09310,4.39991,-2.84607,0
2.24428,5.86306,2.08356,4.41417,-2.84402,0
2.24782,5.85508,2.07405,4.42839,-2.84198,0
2.25135,5.84702,2.06458,4.44256,-2.83993,0
2.25486,5.83887,2.05515,4.45669,-2.83789,0
2.25837,5.83064,2.04577,4.47077,-2.83584,0
2.26187,5.82233,2.03642,4.48481,-2.83379,0
2.26535,5.81393,2.02711,4.49880,-2.83174,0
2.26883,5.80545,2.01784,4.51275,-2.82969,0
2.27229,5.79688,2.00862,4.52666,-2.82764,0
2.27574,5.78824,1.99943,4.54052,-2.82559,0
2.27918,5.77951,1.99028,4.55434,-2.82354,0
2.28262,5.77070,1.98117,4.56812,-2.82149,0
2.28604,5.76181,1.97210,4.58186,-2.81944,0
2.28945,5.75283,1.96307,4.59556,-2.81739,0
2.29285,5.74378,1.95408,4.60921,-2.81534,0
2.29624,5.73464,1.94513,4.62283,-2.81329,0
2.29962,5.72543,1.93623,4.63641,-2.81124,0
2.30299,5.71614,1.92736,4.64994,-2.80919,0
2.30635,5.70677,1.91853,4.66344,-2.80713,0
2.30970,5.69731,1.90974,4.67690,-2.80508,0
2.31304,5.68778,1.90099,4.69032,-2.80303,0
2.31638,5.67817,1.89228,4.70370,-2.80097,0
2.31970,5.66849,1.88360,4.71705,-2.79892,0
2.32301,5.65872,1.87497,4.73035,-2.79686,0
2.32632,5.64888,1.86638,4.74362,-2.79481,0
2.32961,5.63896,1.85783,4.75685,-2.79276,0
2.33290,5.62896,1.84932,4.77005,-2.79070,0
2.33617,5.61889,1.84084,4.78321,-2.78864,0
2.33944,5.60874,1.83241,4.79633,-2.78659,0
2.34270,5.59852,1.82402,4.80942,-2.78453,0
2.34595,5.58822,1.81566,4.82247,-2.78247,0
2.34919,5.57784,1.80735,4.83548,-2.78042,0
2.35242,5.56739,1.79907,4.84847,-2.77836,0
2.35564,5.55687,1.79084,4.86141,-2.77630,0
2.35886,5.54627,1.78264,4.87432,-2.77425,0
2.36207,5.53560,1.77449,4.88720,-2.77219,0
2.36526,5.52485,1.76637,4.90005,-2.77013,0
2.36845,5.51403,1.75829,4.91286,-2.76807,0
2.37163,5.50314,1.75026,4.92563,-2.76601,0
2.37481,5.49218,1.74226,4.93838,-2.76395,0
2.37797,5.48114,1.73430,4.95109,-2.76189,0
2.38113,5.47003,1.72638,4.96377,-2.75983,0
2.38428,5.45885,1.71850,4.97642,-2.75777,0
2.38742,5.44760,1.71066,4.98903,-2.75571,0
2.39055,5.43628,1.70286,5.00000,-2.75365,0
2.39368,5.42489,1.69510,5.00000,-2.75159,0
2.39680,5.41342,1.68738,5.00000,-2.74952,0
2.39993,5.40189,1.67969,5.00000,-2.74745,0
2.40305,5.39029,1.67205,5.00000,-2.74537,0
2.40618,5.37862,1.66445,5.00000,-2.74329,0
2.40930,5.36688,1.65688,5.00000,-2.74120,0
2.41243,5.35507,1.64936,5.00000,-2.73910,0
2.41556,5.34319,1.64187,5.00000,-2.73700,0
2.41868,5.33125,1.63442,5.00000,-2.73490,0
2.42181,5.31924,1.62702,5.00000,-2.73278,0
2.42493,5.30716,1.61965,5.00000,-2.73067,0
2.42806,5.29501,1.61232,5.00000,-2.72855,0
2.43118,5.28280,1.60503,5.00000,-2.72642,0
2.43431,5.27052,1.59778,5.00000,-2.72429,0
2.43743,5.25818,1.59057,5.00000,-2.72215,0
2.44056,5.24577,1.58340,5.00000,-2.72000,0
2.44369,5.23329,1.57627,5.00000,-2.71785,0
2.44681,5.22075,1.56917,5.00000,-2.71570,0
2.44994,5.20815,1.56212,5.00000,-2.71354,0
2.45306,5.19548,1.55510,5.00000,-2.71137,0
2.45619,5.18274,1.54813,5.00000,-2.70920,0
2.45931,5.16995,1.54119,5.00000,-2.70703,0
2.46244,5.15709,1.53430,5.00000,-2.70484,0
2.46557,5.14417,1.52744,5.00000,-2.70266,0
2.46869,5.13118,1.52062,5.00000,-2.70046,0
2.47182,5.11813,1.51384,5.00000,-2.69827,0
2.47494,5.10502,1.50710,5.00000,-2.69606,0
2.47807,5.09185,1.50040,5.00000,-2.69385,0
2.48119,5.07862,1.49373,5.00000,-2.69164,0
2.48432,5.06533,1.48711,5.00000,-2.68942,0
2.48745,5.05197,1.48052,5.00000,-2.68719,0
2.49057,5.03856,1.47398,5.00000,-2.68496,0
2.49370,5.02508,1.46747,5.00000,-2.68272,0
2.49682,5.01155,1.46100,5.00000,-2.68048,0
2.49995,4.99796,1.45458,5.00000,-2.67823,0
2.50307,4.98430,1.44819,5.00000,-2.67599,0
2.50620,4.97059,1.44184,5.00000,-2.67375,0
2.50933,4.95683,1.43552,5.00000,-2.67152,0
2.51245,4.94300,1.42925,5.00000,-2.66929,0
2.51558,4.92911,1.42302,5.00000,-2.66707,0
2.51870,4.91517,1.41682,5.00000,-2.66486,0
2.52183,4.90117,1.41067,5.00000,-2.66265,0
2.52495,4.88712,1.40455,5.00000,-2.66044,0
2.52808,4.87300,1.39847,5.00000,-2.65824,0
2.53120,4.85884,1.39243,5.00000,-2.65605,0
2.53433,4.84461,1.38643,5.00000,-2.65386,0
2.53746,4.83033,1.38047,5.00000,-2.65167,0
2.54058,4.81600,1.37455,5.00000,-2.64950,0
2.54371,4.80161,1.36867,5.00000,-2.64732,0
2.54683,4.78717,1.36282,5.00000,-2.64516,0
2.54996,4.77267,1.35701,5.00000,-2.64299,0
2.55308,4.75812,1.35125,5.00000,-2.64084,0
2.55621,4.74352,1.34552,5.00000,-2.63869,0
2.55934,4.72886,1.33983,5.00000,-2.63654,0
2.56246,4.71415,1.33418,4.98903,-2.63440,0
2.56559,4.69939,1.32857,4.97642,-2.63226,0
2.56873,4.68457,1.32299,4.96377,-2.63013,0
2.57188,4.66971,1.31746,4.95109,-2.62799,0
2.57504,4.65479,1.31196,4.93838,-2.62585,0
2.57820,4.63982,1.30650,4.92563,-2.62371,0
2.58138,4.62480,1.30108,4.91286,-2.62157,0
2.58456,4.60973,1.29570,4.90005,-2.61943,0
2.58775,4.59461,1.29036,4.88720,-2.61729,0
2.59095,4.57944,1.28506,4.87432,-2.61516,0
2.59415,4.56423,1.27980,4.86141,-2.61302,0
2.59737,4.54896,1.27457,4.84847,-2.61088,0
2.60059,4.53364,1.26938,4.83548,-2.60874,0
2.60382,4.51828,1.26424,4.82247,-2.60660,0
2.60706,4.50286,1.25913,4.80942,-2.60447,0
2.61031,4.48740,1.25405,4.79633,-2.60233,0
2.61357,4.47189,1.24902,4.78321,-2.60019,0
2.61684,4.45634,1.24403,4.77005,-2.59805,0
2.62011,4.44074,1.23907,4.75685,-2.59592,0
2.62340,4.42509,1.23416,4.74362,-2.59378,0
2.62669,4.40939,1.22928,4.73035,-2.59164,0
2.63000,4.39365,1.22444,4.71705,-2.58951,0
2.63331,4.37787,1.21964,4.70370,-2.58737,0
2.63663,4.36204,1.21487,4.69032,-2.58523,0
2.63997,4.34616,1.21015,4.67690,-2.58309,0
2.64331,4.33024,1.20546,4.66344,-2.58096,0
2.64666,4.31428,1.20081,4.64994,-2.57882,0
2.65002,4.29827,1.19621,4.63641,-2.57669,0
2.65339,4.28222,1.19163,4.62283,-2.57455,0
2.65677,4.26612,1.18710,4.60921,-2.57241,0
2.66016,4.24998,1.18261,4.59556,-2.57028,0
2.66356,4.23380,1.17815,4.58186,-2.56814,0
2.66697,4.21758,1.17374,4.56812,-2.56600,0
2.67040,4.20132,1.16936,4.55434,-2.56387,0
2.67383,4.18501,1.16502,4.54052,-2.56173,0
2.67727,4.16866,1.16071,4.52666,-2.55960,0
2.68072,4.15228,1.15645,4.51275,-2.55746,0
2.68418,4.13585,1.15222,4.49880,-2.55533,0
2.68766,4.11938,1.14804,4.48481,-2.55319,0
2.69114,4.10287,1.14389,4.47077,-2.55106,0
2.69464,4.08633,1.13978,4.45669,-2.54892,0
2.69815,4.06974,1.13570,4.44256,-2.54679,0
2.70166,4.05311,1.13167,4.42839,-2.54465,0
2.70519,4.03645,1.12767,4.41417,-2.54252,0
2.70873,4.01975,1.12372,4.39991,-2.54038,0
2.71229,4.00301,1.11980,4.38560,-2.53825,0
2.71585,3.98623,1.11592,4.37125,-2.53612,0
2.71942,3.96941,1.11207,4.35684,-2.53398,0
2.72301,3.95256,1.10827,4.34239,-2.53185,0
2.72661,3.93567,1.10450,4.32789,-2.52971,0
2.73022,3.91875,1.10077,4.31335,-2.52758,0
2.73384,3.90179,1.09708,4.29875,-2.52545,0
2.73748,3.88479,1.09343,4.28410,-2.52331,0
2.74113,3.86776,1.08981,4.26941,-2.52118,0
2.74479,3.85069,1.08624,4.25466,-2.51905,0
2.74846,3.83359,1.08270,4.23986,-2.51691,0
2.75215,3.81646,1.07920,4.22501,-2.51478,0
2.75585,3.79929,1.07574,4.21011,-2.51265,0
2.75956,3.78209,1.07231,4.19515,-2.51052,0
2.76328,3.76485,1.06893,4.18014,-2.50838,0
2.76702,3.74758,1.06558,4.16508,-2.50625,0
2.77078,3.73028,1.06227,4.14996,-2.50412,0
2.77454,3.71295,1.05900,4.13479,-2.50199,0
2.77832,3.69558,1.05576,4.11956,-2.49986,0
2.78211,3.67818,1.05257,4.10427,-2.49772,0
2.78592,3.66075,1.04941,4.08893,-2.49559,0
2.78974,3.64330,1.04629,4.07353,-2.49346,0
2.79358,3.62581,1.04321,4.05807,-2.49133,0
2.79743,3.60828,1.04016,4.04255,-2.48920,0
2.80130,3.59073,1.03716,4.02697,-2.48707,0
2.80518,3.57316,1.03419,4.01133,-2.48494,0
2.80908,3.55555,1.03126,3.99563,-2.48281,0
2.81299,3.53791,1.02837,3.97987,-2.48068,0
2.81691,3.52024,1.02551,3.96404,-2.47855,0
2.82086,3.50255,1.02270,3.94816,-2.47642,0
2.82481,3.48482,1.01992,3.93220,-2.47429,0
2.82879,3.46707,1.01718,3.91619,-2.47216,0
2.83278,3.44929,1.01447,3.90010,-2.47003,0
2.83679,3.43149,1.01181,3.88395,-2.46790,0
2.84081,3.41366,1.00918,3.86774,-2.46577,0
2.84485,3.39580,1.00659,3.85145,-2.46364,0
2.84891,3.37791,1.00404,3.83510,-2.46151,0
2.85298,3.36000,1.00152,3.81867,-2.45938,0
2.85708,3.34207,0.99905,3.80218,-2.45726,0
2.86119,3.32411,0.99661,3.78561,-2.45513,0
2.86532,3.30612,0.99421,3.76897,-2.45300,0
2.86946,3.28812,0.99184,3.75226,-2.45087,0
2.87363,3.27008,0.98952,3.73547,-2.44874,0
2.87781,3.25203,0.98723,3.71860,-2.44662,0
2.88201,3.23395,0.98498,3.70166,-2.44449,0
2.88624,3.21584,0.98276,3.68464,-2.44236,0
2.89048,3.19772,0.98059,3.66754,-2.44024,0
2.89474,3.17957,0.97845,3.65037,-2.43811,0
2.89902,3.16140,0.97635,3.63311,-2.43598,0
2.90332,3.14320,0.97429,3.61576,-2.43386,0
2.90764,3.12499,0.97227,3.59834,-2.43173,0
2.91199,3.10676,0.97028,3.58083,-2.42961,0
2.91635,3.08850,0.96833,3.56323,-2.42748,0
2.92074,3.07023,0.96642,3.54555,-2.42536,0
2.92515,3.05193,0.96454,3.52778,-2.42323,0
2.92958,3.03362,0.96271,3.50991,-2.42111,0
2.93403,3.01528,0.96091,3.49196,-2.41898,0
2.93850,2.99693,0.95914,3.47391,-2.41686,0
2.94300,2.97855,0.95742,3.45577,-2.41473,0
2.94753,2.96016,0.95573,3.43754,-2.41261,0
2.95207,2.94175,0.95408,3.41920,-2.41049,0
2.95664,2.92333,0.95247,3.40077,-2.40836,0
2.96124,2.90488,0.95090,3.38224,-2.40624,0
2.96586,2.88642,0.94936,3.36360,-2.40412,0
2.97051,2.86794,0.94786,3.34486,-2.40200,0
2.97518,2.84945,0.94640,3.32602,-2.39988,0
2.97988,2.83094,0.94497,3.30707,-2.39775,0
2.98460,2.81241,0.94359,3.28801,-2.39563,0
2.98936,2.79387,0.94224,3.26883,-2.39351,0
2.99414,2.77531,0.94092,3.24955,-2.39139,0
2.99895,2.75674,0.93965,3.23015,-2.38927,0
3.00378,2.73815,0.93841,3.21063,-2.38715,0
3.00865,2.71955,0.93721,3.19099,-2.38503,0
3.01355,2.70094,0.93605,3.17124,-2.38291,0
3.01848,2.68231,0.93492,3.15135,-2.38079,0
3.02344,2.66367,0.93383,3.13134,-2.37867,0
3.02843,2.64501,0.93278,3.11121,-2.37656,0
3.03345,2.62635,0.93177,3.09094,-2.37444,0
3.03851,2.60767,0.93079,3.07054,-2.37232,0
3.04360,2.58898,0.92985,3.05000,-2.37020,0
3.04872,2.57028,0.92895,3.02932,-2.36809,0
3.05388,2.55156,0.92808,3.00850,-2.36597,0
3.05908,2.53284,0.92726,2.98753,-2.36385,0
3.06431,2.51410,0.92647,2.96642,-2.36174,0
3.06958,2.49536,0.92571,2.94515,-2.35962,0
3.07488,2.47660,0.92500,2.92374,-2.35751,0
3.08023,2.45784,0.92432,2.90216,-2.35539,0
3.08561,2.43907,0.92367,2.88042,-2.35328,0
3.09104,2.42028,0.92307,2.85851,-2.35116,0
3.09650,2.40149,0.92250,2.83644,-2.34905,0
3.10202,2.38270,0.92197,2.81419,-2.34694,0
3.10757,2.36389,0.92148,2.79177,-2.34483,0
3.11317,2.34507,0.92102,2.76916,-2.34272,0
3.11881,2.32625,0.92060,2.74637,-2.34060,0
3.12450,2.30743,0.92022,2.72339,-2.33849,0
3.13024,2.28859,0.91987,2.70021,-2.33638,0
3.13603,2.26975,0.91957,2.67683,-2.33427,0
3.14187,2.25090,0.91929,2.65325,-2.33216,0
3.14776,2.23205,0.91906,2.62945,-2.33006,0
3.15370,2.21319,0.91886,2.60544,-2.32795,0
3.15970,2.19433,0.91870,2.58120,-2.32584,0
3.16575,2.17546,0.91858,2.55673,-2.32373,0
3.17187,2.15659,0.91849,2.53203,-2.32163,0
3.17804,2.13771,0.91844,2.50708,-2.31952,0
3.18427,2.11884,0.91843,2.48189,-2.31742,0
3.19057,2.09995,0.91846,2.45643,-2.31531,0
3.19693,2.08107,0.91852,2.43071,-2.31321,0
3.20336,2.06218,0.91862,2.40471,-2.31111,0
3.20986,2.04329,0.91875,2.37843,-2.30901,0
3.21643,2.02440,0.91892,2.35185,-2.30691,0
3.22308,2.00550,0.91913,2.32497,-2.30481,0
3.22980,1.98661,0.91938,2.29778,-2.30271,0
3.23660,1.96771,0.91966,2.27026,-2.30061,0
3.24348,1.94882,0.91998,2.24240,-2.29851,0
3.25045,1.92992,0.92034,2.21420,-2.29641,0
3.25751,1.91102,0.92073,2.18562,-2.29432,0
3.26466,1.89213,0.92116,2.15667,-2.29222,0
3.27191,1.87323,0.92163,2.12733,-2.29013,0
3.27925,1.85434,0.92213,2.09758,-2.28804,0
3.28670,1.83544,0.92267,2.06739,-2.28595,0
3.29426,1.81655,0.92325,2.03676,-2.28386,0
3.30194,1.79766,0.92386,2.00567,-2.28177,0
3.30973,1.77877,0.92451,1.97408,-2.27968,0
3.31765,1.75989,0.92520,1.94198,-2.27760,0
3.32569,1.74101,0.92592,1.90934,-2.27551,0
3.33388,1.72213,0.92668,1.87613,-2.27343,0
3.34221,1.70326,0.92748,1.84232,-2.27135,0
3.35069,1.68438,0.92831,1.80788,-2.26927,0
3.35934,1.66552,0.92918,1.77278,-2.26719,0
3.36815,1.64666,0.93009,1.73696,-2.26511,0
3.37715,1.62780,0.93104,1.70039,-2.26304,0
3.38634,1.60895,0.93202,1.66301,-2.26097,0
3.39574,1.59010,0.93303,1.62478,-2.25890,0
3.40536,1.57126,0.93409,1.58562,-2.25683,0
3.41521,1.55243,0.93518,1.54547,-2.25477,0
3.42533,1.53360,0.93630,1.50425,-2.25270,0
3.43572,1.51478,0.93747,1.46187,-2.25064,0
3.44641,1.49597,0.93867,1.41822,-2.24859,0
3.45743,1.47717,0.93990,1.37319,-2.24654,0
3.46881,1.45837,0.94118,1.32662,-2.24449,0
3.48059,1.43958,0.94249,1.27837,-2.24245,0
3.49281,1.42080,0.94383,1.22821,-2.24041,0
3.50554,1.40203,0.94521,1.17593,-2.23838,0
3.51883,1.38327,0.94663,1.12120,-2.23635,0
3.53277,1.36451,0.94809,1.06366,-2.23433,0
3.54746,1.34577,0.94958,1.00283,-2.23232,0
3.56304,1.32704,0.95111,0.93806,-2.23032,0
3.57970,1.30832,0.95267,0.86848,-2.22833,0
3.59770,1.28961,0.95427,0.79281,-2.22636,0
3.61741,1.27091,0.95591,0.70911,-2.22440,0
3.63945,1.25222,0.95758,0.61411,-2.22248,0
3.66490,1.23354,0.95929,0.50142,-2.22059,0
3.69607,1.21488,0.96104,0.35455,-2.21877,0
3.78423,1.15897,0.96650,0.00000,-2.21657,41472
3.78433,1.15897,0.96650,0.35455,-2.21657,0
3.82851,1.17845,0.98228,0.50142,-2.22046,0
3.85975,1.19773,0.99790,0.61411,-2.22789,0
3.88526,1.21681,1.01336,0.70911,-2.23683,0
3.90735,1.23569,1.02867,0.79281,-2.24666,0
3.92711,1.25437,1.04382,0.86848,-2.25710,0
3.94515,1.27285,1.05882,0.93806,-2.26798,0
3.96185,1.29114,1.07366,1.00283,-2.27920,0
3.97747,1.30924,1.08835,1.06366,-2.29070,0
3.99220,1.32715,1.10290,1.12120,-2.30243,0
4.00617,1.34487,1.11729,1.17593,-2.31436,0
4.01949,1.36240,1.13154,1.22821,-2.32645,0
4.03225,1.37975,1.14564,1.27837,-2.33869,0
4.04450,1.39692,1.15960,1.32662,-2.35105,0
4.05631,1.41391,1.17342,1.37319,-2.36353,0
4.06772,1.43071,1.18709,1.41822,-2.37611,0
4.07876,1.44735,1.20063,1.46187,-2.38879,0
4.08948,1.46381,1.21403,1.50425,-2.40155,0
4.09989,1.48009,1.22729,1.54547,-2.41438,0
4.11003,1.49621,1.24041,1.58562,-2.42729,0
4.11991,1.51216,1.25340,1.62478,-2.44026,0
4.12955,1.52794,1.26626,1.66301,-2.45330,0
4.13897,1.54356,1.27899,1.70039,-2.46639,0
4.14818,1.55902,1.29158,1.73696,-2.47954,0
4.15720,1.57432,1.30405,1.77278,-2.49273,0
4.16604,1.58946,1.31639,1.80788,-2.50597,0
4.17471,1.60444,1.32861,1.84232,-2.51925,0
4.18321,1.61927,1.34070,1.87613,-2.53258,0
4.19156,1.63395,1.35267,1.90934,-2.54595,0
4.19976,1.64848,1.36451,1.94198,-2.55935,0
4.20783,1.66286,1.37624,1.97408,-2.57279,0
4.21577,1.67710,1.38785,2.00567,-2.58626,0
4.22358,1.69119,1.39934,2.03676,-2.59976,0
4.23127,1.70514,1.41071,2.06739,-2.61330,0
4.23885,1.71895,1.42197,2.09758,-2.62686,0
4.24631,1.73262,1.43312,2.12733,-2.64045,0
4.25368,1.74616,1.44416,2.15667,-2.65407,0
4.26094,1.75956,1.45508,2.18562,-2.66771,0
4.26811,1.77283,1.46590,2.21420,-2.68138,0
4.27518,1.78597,1.47661,2.24240,-2.69507,0
4.28217,1.79899,1.48721,2.27026,-2.70879,0
4.28907,1.81188,1.49771,2.29778,-2.72252,0
4.29589,1.82464,1.50811,2.32497,-2.73628,0
4.30263,1.83729,1.51840,2.35185,-2.75006,0
4.30929,1.84981,1.52860,2.37843,-2.76386,0
4.31587,1.86222,1.53869,2.40471,-2.77767,0
4.32239,1.87451,1.54869,2.43071,-2.79151,0
4.32883,1.88669,1.55859,2.45643,-2.80536,0
4.33521,1.89875,1.56840,2.48189,-2.81923,0
4.34152,1.91071,1.57811,2.50708,-2.83312,0
4.34777,1.92256,1.58773,2.53203,-2.84702,0
4.35396,1.93430,1.59726,2.55673,-2.86094,0
4.36008,1.94595,1.60670,2.58120,-2.87487,0
4.36615,1.95749,1.61606,2.60544,-2.88882,0
4.37217,1.96893,1.62533,2.62945,-2.90279,0
4.37812,1.98027,1.63451,2.65325,-2.91676,0
4.38403,1.99152,1.64361,2.67683,-2.93076,0
4.38988,2.00267,1.65263,2.70021,-2.94476,0
4.39568,2.01374,1.66156,2.72339,-2.95878,0
4.40143,2.02471,1.67042,2.74637,-2.97281,0
4.40714,2.03560,1.67920,2.76916,-2.98685,0
4.41279,2.04640,1.68790,2.79177,-3.00090,0
4.41841,2.05712,1.69653,2.81419,-3.01497,0
4.42397,2.06776,1.70509,2.83644,-3.02905,0
4.42949,2.07832,1.71357,2.85851,-3.04314,0
4.43498,2.08880,1.72198,2.88042,-3.05724,0
4.44041,2.09920,1.73033,2.90216,-3.07135,0
4.44581,2.10954,1.73860,2.92374,-3.08547,0
4.45117,2.11980,1.74681,2.94515,-3.09960,0
4.45649,2.12999,1.75495,2.96642,-3.11374,0
4.46177,2.14012,1.76303,2.98753,-3.12789,0
4.46701,2.15018,1.77105,3.00850,3.14114,0
4.47222,2.16018,1.77901,3.02932,3.12697,0
4.47739,2.17012,1.78690,3.05000,3.11279,0
4.48253,2.18000,1.79474,3.07054,3.09860,0
4.48763,2.18982,1.80253,3.09094,3.08440,0
4.49270,2.19959,1.81025,3.11121,3.07020,0
4.49773,2.20930,1.81793,3.13134,3.05598,0
4.50274,2.21896,1.82555,3.15135,3.04176,0
4.50771,2.22858,1.83312,3.17124,3.02753,0
4.51265,2.23815,1.84064,3.19099,3.01330,0
4.51756,2.24767,1.84811,3.21063,2.99905,0
4.52243,2.25715,1.85553,3.23015,2.98480,0
4.52728,2.26659,1.86291,3.24955,2.97054,0
4.53210,2.27599,1.87025,3.26883,2.95627,0
4.53690,2.28535,1.87754,3.28801,2.94199,0
4.54166,2.29468,1.88480,3.30707,2.92771,0
4.54640,2.30398,1.89201,3.32602,2.91342,0
4.55111,2.31325,1.89918,3.34486,2.89912,0
4.55579,2.32248,1.90632,3.36360,2.88482,0
4.56045,2.33169,1.91342,3.38224,2.87051,0
4.56508,2.34088,1.92049,3.40077,2.85619,0
4.56969,2.35004,1.92752,3.41920,2.84187,0
4.57427,2.35919,1.93453,3.43754,2.82754,0
4.57883,2.36831,1.94150,3.45577,2.81320,0
4.58336,2.37742,1.94845,3.47391,2.79886,0
4.58787,2.38651,1.95536,3.49196,2.78451,0
4.59236,2.39559,1.96226,3.50991,2.77016,0
4.59682,2.40467,1.96913,3.52778,2.75580,0
4.60126,2.41373,1.97597,3.54555,2.74143,0
4.60568,2.42278,1.98279,3.56323,2.72706,0
4.61007,2.43184,1.98960,3.58083,2.71268,0
4.61445,2.44088,1.99638,3.56323,2.69830,0
4.61885,2.44993,2.00315,3.54555,2.68377,0
4.62326,2.45898,2.00990,3.52778,2.66909,0
4.62770,2.46804,2.01664,3.50991,2.65426,0
4.63217,2.47710,2.02337,3.49196,2.63927,0
4.63665,2.48617,2.03008,3.47391,2.62413,0
4.64116,2.49524,2.03678,3.45577,2.60883,0
4.64570,2.50433,2.04348,3.43754,2.59337,0
4.65025,2.51343,2.05017,3.41920,2.57774,0
4.65483,2.52255,2.05685,3.40077,2.56194,0
4.65944,2.53169,2.06352,3.38224,2.54602,0
4.66407,2.54085,2.07020,3.36360,2.53008,0
4.66873,2.55002,2.07687,3.34486,2.51414,0
4.67341,2.55923,2.08354,3.32602,2.49820,0
4.67812,2.56845,2.09021,3.30707,2.48226,0
4.68286,2.57771,2.09689,3.28801,2.46631,0
4.68762,2.58699,2.10357,3.26883,2.45036,0
4.69242,2.59631,2.11025,3.24955,2.43441,0
4.69724,2.60566,2.11694,3.23015,2.41846,0
4.70209,2.61505,2.12364,3.21063,2.40250,0
4.70697,2.62448,2.13035,3.19099,2.38654,0
4.71188,2.63394,2.13707,3.17124,2.37058,0
4.71682,2.64345,2.14380,3.15135,2.35461,0
4.72179,2.65300,2.15055,3.13134,2.33865,0
4.72679,2.66260,2.15731,3.11121,2.32268,0
4.73182,2.67225,2.16409,3.09094,2.30670,0
4.73689,2.68194,2.17089,3.07054,2.29073,0
4.74199,2.69169,2.17770,3.05000,2.27475,0
4.74713,2.70149,2.18454,3.02932,2.25876,0
4.75230,2.71135,2.19140,3.00850,2.24277,0
4.75751,2.72127,2.19828,2.98753,2.22678,0
4.76275,2.73124,2.20518,2.96642,2.21079,0
4.76803,2.74128,2.21212,2.94515,2.19480,0
4.77335,2.75139,2.21908,2.92374,2.17879,0
4.77871,2.76156,2.22607,2.90216,2.16279,0
4.78411,2.77179,2.23309,2.88042,2.14678,0
4.78955,2.78210,2.24015,2.85851,2.13077,0
4.79503,2.79248,2.24723,2.83644,2.11475,0
4.80055,2.80294,2.25435,2.81419,2.09873,0
4.80612,2.81347,2.26151,2.79177,2.08271,0
4.81173,2.82408,2.26871,2.76916,2.06668,0
4.81739,2.83477,2.27594,2.74637,2.05065,0
4.82309,2.84554,2.28322,2.72339,2.03461,0
4.82884,2.85640,2.29054,2.70021,2.01857,0
4.83464,2.86734,2.29790,2.67683,2.00253,0
4.84049,2.87837,2.30531,2.65325,1.98648,0
4.84640,2.88950,2.31276,2.62945,1.97042,0
4.85236,2.90071,2.32026,2.60544,1.95436,0
4.85837,2.91202,2.32781,2.58120,1.93830,0
4.86444,2.92343,2.33541,2.55673,1.92223,0
4.87057,2.93493,2.34306,2.53203,1.90615,0
4.87675,2.94654,2.35076,2.50708,1.89007,0
4.88300,2.95824,2.35852,2.48189,1.87398,0
4.88931,2.97006,2.36634,2.45643,1.85789,0
4.89569,2.98198,2.37421,2.43071,1.84179,0
4.90213,2.99400,2.38214,2.40471,1.82568,0
4.90865,3.00614,2.39013,2.37843,1.80957,0
4.91524,3.01839,2.39818,2.35185,1.79345,0
4.92190,3.03076,2.40630,2.32497,1.77732,0
4.92863,3.04324,2.41448,2.29778,1.76119,0
4.93545,3.05584,2.42273,2.27026,1.74505,0
4.94235,3.06856,2.43104,2.24240,1.72890,0
4.94934,3.08141,2.43943,2.21420,1.71274,0
4.95641,3.09438,2.44788,2.18562,1.69658,0
4.96358,3.10748,2.45640,2.15667,1.68040,0
4.97084,3.12070,2.46500,2.12733,1.66422,0
4.97821,3.13406,2.47367,2.09758,1.64803,0
4.98568,3.14755,2.48242,2.06739,1.63183,0
4.99325,3.16117,2.49125,2.03676,1.61561,0
5.00095,3.17493,2.50015,2.00567,1.59939,0
5.00876,3.18883,2.50913,1.97408,1.58316,0
5.01669,3.20287,2.51820,1.94198,1.56691,0
5.02476,3.21706,2.52735,1.90934,1.55065,0
5.03296,3.23139,2.53658,1.87613,1.53438,0
5.04131,3.24586,2.54590,1.84232,1.51810,0
5.04982,3.26049,2.55530,1.80788,1.50180,0
5.05848,3.27526,2.56479,1.77278,1.48548,0
5.06732,3.29019,2.57438,1.73696,1.46915,0
5.07634,3.30528,2.58405,1.70039,1.45280,0
5.08555,3.32052,2.59382,1.66301,1.43644,0
5.09497,3.33592,2.60368,1.62478,1.42005,0
5.10461,3.35148,2.61364,1.58562,1.40365,0
5.11449,3.36721,2.62369,1.54547,1.38722,0
5.12463,3.38310,2.63384,1.50425,1.37077,0
5.13504,3.39916,2.64409,1.46187,1.35429,0
5.14576,3.41538,2.65445,1.41822,1.33778,0
5.15680,3.43178,2.66490,1.37319,1.32125,0
5.16821,3.44835,2.67546,1.32662,1.30468,0
5.18002,3.46510,2.68613,1.27837,1.28807,0
5.19227,3.48202,2.69690,1.22821,1.27142,0
5.20503,3.49913,2.70778,1.17593,1.25472,0
5.21835,3.51641,2.71877,1.12120,1.23798,0
5.23232,3.53388,2.72987,1.06366,1.22117,0
5.24705,3.55153,2.74108,1.00283,1.20429,0
5.26267,3.56937,2.75241,0.93806,1.18732,0
5.27937,3.58740,2.76385,0.86848,1.17026,0
5.29741,3.60563,2.77541,0.79281,1.15308,0
5.31717,3.62404,2.78708,0.70911,1.13573,0
5.33926,3.64265,2.79888,0.61411,1.11818,0
5.36477,3.66146,2.81080,0.50142,1.10032,0
5.39601,3.68047,2.82284,0.35455,1.08197,0
5.44020,3.69968,2.83500,0.00000,1.06263,36929
